<!doctype html><html lang="en"><head><meta charset="utf-8">
<meta name="viewport" content="width=device-width, initial-scale=1">
<title>Beena Train-Brake Inspection — relaxation labeling (2014, reborn)</title>
<style>
:root{--bg:#0a0c12;--ink:#e8f0ff;--dim:#8794b3;--gold:#e8c170;--cyan:#37e6ff;--line:#1c2540;--steel:#7b8aa8}
body{margin:0;background:radial-gradient(1200px 700px at 50% -10%,#16203b,var(--bg));color:var(--ink);font:15px/1.5 ui-sans-serif,system-ui;text-align:center}
.wrap{max-width:960px;margin:0 auto;padding:34px 16px 70px}
h1{font:700 clamp(22px,4vw,36px)/1.1 ui-serif,Georgia,serif;margin:0 0 4px;text-shadow:0 0 22px rgba(55,230,255,.25)}
.sub{color:var(--cyan);letter-spacing:3px;text-transform:uppercase;font-size:12px;margin-bottom:14px}
.lede{color:var(--dim);max-width:720px;margin:0 auto 16px;font-size:14.5px}
svg{width:100%;max-width:720px;background:#06080f;border:1px solid var(--line);border-radius:14px}
.ctl{display:flex;gap:14px;align-items:center;justify-content:center;margin:14px 0}
button{background:#0c1124;color:var(--ink);border:1px solid var(--line);border-radius:8px;padding:8px 16px;font:14px ui-serif,Georgia,serif;cursor:pointer}button:hover{background:#10182f}
input[type=range]{width:240px;accent-color:var(--gold)} .it{font:13px ui-monospace,monospace;color:var(--dim);min-width:90px}
.legend{color:var(--dim);font-size:13px;margin-top:8px}.legend i{display:inline-block;width:11px;height:11px;border-radius:50%;vertical-align:middle;margin:0 4px}
.note{color:var(--dim);font-size:12.5px;max-width:760px;margin:14px auto 0}
a{color:var(--cyan);text-decoration:none} code{background:#10182f;padding:1px 6px;border-radius:5px;color:var(--gold);font-size:12.5px}
</style></head><body><div class="wrap">
<h1>Beena Train-Brake Inspection</h1><div class="sub">relaxation labeling · 2014, reborn in the modern engine</div>
<p class="lede">An automatic safety inspection from 2014: detect <b>line segments</b> in a train <b>bogie</b> image and label each as a
<b>brake component</b> — by relaxation labeling ("NewIDByConstraints"). Here the <b>real 2014 compatibility tensor</b>
(33 detected lines × 4 brake parts) runs through the <i>same</i> <code>hrl</code> engine that now reads scripture and grows bodies.
Watch the 33 lines settle onto their brake components.</p>
<div id="gallery" style="display:flex;gap:8px;flex-wrap:wrap;justify-content:center;max-width:770px;margin:0 auto 6px"></div>
<p style="color:var(--dim);font-size:12.5px;max-width:620px;margin:0 auto 16px">Real 2014 bogie inspection frames — &#x1F7E1; detected <b>object-lines</b>, &#x1F534; reference <b>label-lines</b> on the brake assembly. <i>(Glover Labs, 2014.)</i></p>
<svg id="stage" viewBox="0 0 720 470"></svg>
<div class="ctl"><button id="play">⏸ Pause</button><button id="replay">⟲ Replay</button>
<input id="scrub" type="range" min="0" max="100" value="0"><span class="it" id="it">iter 0</span></div>
<div class="legend" id="leg"></div>
<div id="results" style="max-width:640px;margin:20px auto 0"></div>
<p class="note">Each dot is a detected line segment; it drifts to the brake-component corner it's being identified as.
<b>Honest notes:</b> the signed 2014 compatibility was shifted non-negative for the modern engine's multiplicative update
(a convention change); this is a faithful <i>re-run</i>, not a bit-exact reproduction of the 2014 trajectory. The actual bogie
imagery is proprietary and kept out of this public page.</p>
<p style="margin-top:14px"><a href="../bible-hrl/">← HRL gallery</a> · the first link in a 13-year chain — the engine's earliest application.</p>
</div>
<script>
const D={"n": 33, "L": 4, "frames": [[[0.2, 0.2, 0.2, 0.2, 0.2], [0.2, 0.2, 0.2, 0.2, 0.2], [0.2, 0.2, 0.2, 0.2, 0.2], [0.2, 0.2, 0.2, 0.2, 0.2], [0.2, 0.2, 0.2, 0.2, 0.2], [0.2, 0.2, 0.2, 0.2, 0.2], [0.2, 0.2, 0.2, 0.2, 0.2], [0.2, 0.2, 0.2, 0.2, 0.2], [0.2, 0.2, 0.2, 0.2, 0.2], [0.2, 0.2, 0.2, 0.2, 0.2], [0.2, 0.2, 0.2, 0.2, 0.2], [0.2, 0.2, 0.2, 0.2, 0.2], [0.2, 0.2, 0.2, 0.2, 0.2], [0.2, 0.2, 0.2, 0.2, 0.2], [0.2, 0.2, 0.2, 0.2, 0.2], [0.2, 0.2, 0.2, 0.2, 0.2], [0.2, 0.2, 0.2, 0.2, 0.2], [0.2, 0.2, 0.2, 0.2, 0.2], [0.2, 0.2, 0.2, 0.2, 0.2], [0.2, 0.2, 0.2, 0.2, 0.2], [0.2, 0.2, 0.2, 0.2, 0.2], [0.2, 0.2, 0.2, 0.2, 0.2], [0.2, 0.2, 0.2, 0.2, 0.2], [0.2, 0.2, 0.2, 0.2, 0.2], [0.2, 0.2, 0.2, 0.2, 0.2], [0.2, 0.2, 0.2, 0.2, 0.2], [0.2, 0.2, 0.2, 0.2, 0.2], [0.2, 0.2, 0.2, 0.2, 0.2], [0.2, 0.2, 0.2, 0.2, 0.2], [0.2, 0.2, 0.2, 0.2, 0.2], [0.2, 0.2, 0.2, 0.2, 0.2], [0.2, 0.2, 0.2, 0.2, 0.2], [0.2, 0.2, 0.2, 0.2, 0.2]], [[0.229, 0.2246, 0.221, 0.2109, 0.1145], [0.2272, 0.2238, 0.2219, 0.2135, 0.1136], [0.228, 0.2226, 0.2205, 0.215, 0.114], [0.2281, 0.2209, 0.2211, 0.2158, 0.1141], [0.2278, 0.222, 0.221, 0.2154, 0.1139], [0.2188, 0.2202, 0.2215, 0.2263, 0.1132], [0.2184, 0.2162, 0.2171, 0.2322, 0.1161], [0.2288, 0.2206, 0.2186, 0.2176, 0.1144], [0.2286, 0.2183, 0.2192, 0.2196, 0.1143], [0.2264, 0.218, 0.2168, 0.2256, 0.1132], [0.2241, 0.2215, 0.22, 0.2223, 0.1121], [0.2224, 0.221, 0.2197, 0.2246, 0.1123], [0.2227, 0.2215, 0.2201, 0.2238, 0.1119], [0.2246, 0.2198, 0.2197, 0.2236, 0.1123], [0.2199, 0.2164, 0.2198, 0.2292, 0.1146], [0.2139, 0.2173, 0.217, 0.2345, 0.1173], [0.214, 0.2155, 0.2165, 0.236, 0.118], [0.211, 0.2149, 0.2201, 0.236, 0.118], [0.2105, 0.2114, 0.2176, 0.2403, 0.1202], [0.2242, 0.2215, 0.22, 0.2222, 0.1121], [0.2229, 0.2197, 0.2188, 0.2257, 0.1128], [0.219, 0.2188, 0.2184, 0.2292, 0.1146], [0.2205, 0.2184, 0.2162, 0.23, 0.115], [0.2203, 0.2153, 0.216, 0.2323, 0.1161], [0.2186, 0.2164, 0.2173, 0.2318, 0.1159], [0.2166, 0.2173, 0.2161, 0.2333, 0.1166], [0.2166, 0.2149, 0.2158, 0.2351, 0.1175], [0.2167, 0.2161, 0.2175, 0.2331, 0.1165], [0.2224, 0.2192, 0.2193, 0.226, 0.113], [0.2183, 0.2186, 0.22, 0.2287, 0.1144], [0.2172, 0.2195, 0.2174, 0.2306, 0.1153], [0.2133, 0.2153, 0.2185, 0.2353, 0.1176], [0.2098, 0.215, 0.2171, 0.2387, 0.1194]], [[0.2469, 0.2387, 0.2317, 0.2118, 0.0709], [0.2432, 0.237, 0.2334, 0.2166, 0.0698], [0.2448, 0.2348, 0.2308, 0.2193, 0.0703], [0.2451, 0.2316, 0.2319, 0.2209, 0.0704], [0.2444, 0.2337, 0.2316, 0.2201, 0.0702], [0.2272, 0.2303, 0.2328, 0.2406, 0.0691], [0.227, 0.223, 0.2248, 0.2527, 0.0726], [0.2466, 0.2311, 0.2272, 0.2242, 0.0708], [0.2462, 0.2268, 0.2284, 0.2279, 0.0707], [0.2417, 0.226, 0.2238, 0.2391, 0.0694], [0.237, 0.2326, 0.2298, 0.2325, 0.0681], [0.2339, 0.2317, 0.2292, 0.2371, 0.0681], [0.2343, 0.2327, 0.23, 0.2354, 0.0676], [0.2382, 0.2294, 0.2291, 0.235, 0.0684], [0.2294, 0.2236, 0.23, 0.2463, 0.0707], [0.2187, 0.2254, 0.2249, 0.2572, 0.0739], [0.219, 0.222, 0.2239, 0.2603, 0.0748], [0.2135, 0.221, 0.2306, 0.2601, 0.0747], [0.2129, 0.2146, 0.2261, 0.2691, 0.0773], [0.2371, 0.2326, 0.2298, 0.2324, 0.0681], [0.235, 0.2293, 0.2277, 0.2392, 0.0687], [0.2281, 0.228, 0.2272, 0.246, 0.0706], [0.2308, 0.2272, 0.2231, 0.2478, 0.0711], [0.2306, 0.2216, 0.223, 0.2523, 0.0725], [0.2275, 0.2235, 0.2253, 0.2514, 0.0722], [0.2239, 0.2255, 0.2232, 0.2544, 0.0731], [0.2241, 0.2211, 0.2226, 0.2581, 0.0741], [0.2239, 0.2232, 0.2259, 0.254, 0.0729], [0.2342, 0.2286, 0.2287, 0.2397, 0.0688], [0.2266, 0.2276, 0.2301, 0.2453, 0.0704], [0.2244, 0.2291, 0.2254, 0.2495, 0.0716], [0.2175, 0.2216, 0.2274, 0.2591, 0.0744], [0.2114, 0.2211, 0.2252, 0.266, 0.0764]], [[0.2586, 0.2473, 0.2374, 0.209, 0.0477], [0.2532, 0.2449, 0.2399, 0.2153, 0.0467], [0.2556, 0.2418, 0.2363, 0.2192, 0.0471], [0.2561, 0.2374, 0.2379, 0.2214, 0.0472], [0.2551, 0.2403, 0.2374, 0.2202, 0.047], [0.2307, 0.2357, 0.2392, 0.2486, 0.0458], [0.2309, 0.2256, 0.2282, 0.2662, 0.0491], [0.2585, 0.2368, 0.2313, 0.2258, 0.0476], [0.258, 0.2309, 0.2329, 0.2307, 0.0475], [0.2514, 0.2296, 0.2265, 0.2462, 0.0463], [0.2444, 0.2388, 0.2348, 0.2369, 0.045], [0.24, 0.2377, 0.2342, 0.2432, 0.0448], [0.2405, 0.239, 0.2352, 0.2408, 0.0445], [0.2463, 0.2343, 0.2339, 0.2401, 0.0454], [0.234, 0.2266, 0.2356, 0.2566, 0.0473], [0.2195, 0.2292, 0.2286, 0.2725, 0.0502], [0.2202, 0.2245, 0.2271, 0.2772, 0.0511], [0.2127, 0.2231, 0.2364, 0.2768, 0.051], [0.2121, 0.2145, 0.23, 0.29, 0.0534], [0.2446, 0.2387, 0.2348, 0.2368, 0.0451], [0.2418, 0.2344, 0.2322, 0.2463, 0.0454], [0.2325, 0.2328, 0.2316, 0.2559, 0.0472], [0.2363, 0.2316, 0.226, 0.2585, 0.0476], [0.2362, 0.2241, 0.2259, 0.265, 0.0488], [0.2319, 0.2266, 0.229, 0.2638, 0.0486], [0.227, 0.2294, 0.2263, 0.268, 0.0494], [0.2274, 0.2235, 0.2254, 0.2733, 0.0504], [0.2268, 0.2264, 0.23, 0.2675, 0.0493], [0.2407, 0.2334, 0.2335, 0.2469, 0.0455], [0.2302, 0.2321, 0.2356, 0.2551, 0.047], [0.227, 0.2341, 0.2291, 0.2615, 0.0482], [0.2178, 0.2238, 0.2317, 0.2758, 0.0508], [0.2097, 0.2232, 0.2288, 0.2857, 0.0526]], [[0.2667, 0.253, 0.2407, 0.2051, 0.0345], [0.2599, 0.2501, 0.2439, 0.2126, 0.0336], [0.2629, 0.2463, 0.2395, 0.2173, 0.034], [0.2636, 0.2409, 0.2415, 0.22, 0.0341], [0.2624, 0.2443, 0.2408, 0.2186, 0.0339], [0.232, 0.2389, 0.2432, 0.2532, 0.0327], [0.2326, 0.2264, 0.2297, 0.2756, 0.0356], [0.267, 0.2401, 0.2333, 0.2251, 0.0345], [0.2663, 0.233, 0.2353, 0.231, 0.0344], [0.2579, 0.2312, 0.2274, 0.2501, 0.0333], [0.2489, 0.2427, 0.2377, 0.2385, 0.0322], [0.2435, 0.2415, 0.237, 0.2461, 0.0318], [0.244, 0.243, 0.2382, 0.2431, 0.0317], [0.2515, 0.2372, 0.2366, 0.2422, 0.0325], [0.2362, 0.228, 0.239, 0.2629, 0.034], [0.2187, 0.231, 0.2304, 0.2833, 0.0366], [0.2198, 0.2252, 0.2284, 0.2892, 0.0374], [0.2107, 0.2236, 0.2398, 0.2886, 0.0373], [0.2103, 0.2131, 0.2318, 0.3053, 0.0395], [0.2492, 0.2424, 0.2378, 0.2384, 0.0322], [0.2459, 0.2372, 0.2346, 0.25, 0.0323], [0.2348, 0.2356, 0.234, 0.2619, 0.0338], [0.2394, 0.2339, 0.2271, 0.2653, 0.0343], [0.2394, 0.2249, 0.2271, 0.2733, 0.0353], [0.2343, 0.2279, 0.2308, 0.2719, 0.0351], [0.2282, 0.2314, 0.2275, 0.277, 0.0358], [0.2289, 0.2243, 0.2264, 0.2837, 0.0367], [0.2278, 0.2278, 0.2322, 0.2765, 0.0357], [0.2445, 0.2362, 0.2362, 0.2507, 0.0324], [0.2317, 0.2346, 0.2389, 0.261, 0.0337], [0.2277, 0.2369, 0.231, 0.2696, 0.0348], [0.2166, 0.2243, 0.2339, 0.2879, 0.0372], [0.2069, 0.2235, 0.2305, 0.3003, 0.0388]], [[0.2727, 0.2569, 0.2426, 0.2012, 0.0265], [0.2646, 0.2537, 0.2465, 0.2096, 0.0257], [0.268, 0.2493, 0.2416, 0.215, 0.0261], [0.2689, 0.2431, 0.2438, 0.2181, 0.0262], [0.2676, 0.247, 0.2429, 0.2165, 0.026], [0.2322, 0.2409, 0.2459, 0.256, 0.0249], [0.2333, 0.2265, 0.2303, 0.2825, 0.0275], [0.2734, 0.2421, 0.2342, 0.2237, 0.0266], [0.2725, 0.2341, 0.2365, 0.2303, 0.0265], [0.2626, 0.232, 0.2276, 0.2523, 0.0255], [0.2518, 0.2454, 0.2395, 0.2387, 0.0245], [0.2456, 0.2441, 0.2389, 0.2473, 0.0241], [0.246, 0.2458, 0.2402, 0.2439, 0.0241], [0.2552, 0.239, 0.2382, 0.2428, 0.0248], [0.2372, 0.2286, 0.2414, 0.2669, 0.026], [0.2174, 0.232, 0.2313, 0.291, 0.0283], [0.2189, 0.2253, 0.2288, 0.2981, 0.029], [0.2084, 0.2234, 0.242, 0.2973, 0.0289], [0.2083, 0.2115, 0.2325, 0.3169, 0.0308], [0.2523, 0.2449, 0.2396, 0.2386, 0.0245], [0.2485, 0.239, 0.2361, 0.2519, 0.0245], [0.236, 0.2373, 0.2353, 0.2655, 0.0258], [0.2412, 0.2354, 0.2276, 0.2696, 0.0262], [0.2415, 0.225, 0.2276, 0.2788, 0.0271], [0.2356, 0.2285, 0.2316, 0.2773, 0.027], [0.2287, 0.2326, 0.2281, 0.2831, 0.0275], [0.2296, 0.2245, 0.2267, 0.291, 0.0283], [0.2279, 0.2285, 0.2336, 0.2825, 0.0275], [0.247, 0.2379, 0.2379, 0.2526, 0.0246], [0.2322, 0.2361, 0.2411, 0.2648, 0.0258], [0.2275, 0.2386, 0.2319, 0.2752, 0.0268], [0.215, 0.2241, 0.235, 0.297, 0.0289], [0.2041, 0.2232, 0.2311, 0.3113, 0.0303]], [[0.2772, 0.2598, 0.2439, 0.1977, 0.0215], [0.268, 0.2563, 0.2483, 0.2067, 0.0208], [0.2718, 0.2515, 0.2429, 0.2127, 0.0211], [0.2728, 0.2446, 0.2454, 0.2161, 0.0211], [0.2715, 0.2488, 0.2443, 0.2143, 0.021], [0.232, 0.2423, 0.2479, 0.2578, 0.02], [0.2335, 0.2262, 0.2305, 0.2876, 0.0223], [0.2784, 0.2434, 0.2347, 0.222, 0.0216], [0.2774, 0.2348, 0.2372, 0.2291, 0.0215], [0.2662, 0.2323, 0.2274, 0.2535, 0.0206], [0.2538, 0.2475, 0.2408, 0.2382, 0.0197], [0.2469, 0.246, 0.2401, 0.2477, 0.0193], [0.2473, 0.2479, 0.2416, 0.2439, 0.0193], [0.2579, 0.2402, 0.2393, 0.2427, 0.02], [0.2376, 0.2288, 0.2432, 0.2695, 0.0209], [0.216, 0.2325, 0.2318, 0.2967, 0.023], [0.2178, 0.225, 0.2288, 0.3048, 0.0236], [0.2063, 0.223, 0.2434, 0.3037, 0.0235], [0.2064, 0.2098, 0.2328, 0.3257, 0.0253], [0.2544, 0.2467, 0.2409, 0.2382, 0.0197], [0.2503, 0.2402, 0.237, 0.2527, 0.0196], [0.2368, 0.2385, 0.2362, 0.2678, 0.0208], [0.2425, 0.2363, 0.2277, 0.2725, 0.0211], [0.2428, 0.225, 0.2277, 0.2826, 0.0219], [0.2364, 0.2287, 0.2321, 0.281, 0.0218], [0.2288, 0.2333, 0.2283, 0.2873, 0.0223], [0.2299, 0.2244, 0.2266, 0.2961, 0.023], [0.2277, 0.2289, 0.2344, 0.2868, 0.0222], [0.2487, 0.2391, 0.2391, 0.2535, 0.0196], [0.2323, 0.2372, 0.2427, 0.2672, 0.0207], [0.2269, 0.2396, 0.2325, 0.2794, 0.0217], [0.2132, 0.2236, 0.2355, 0.304, 0.0236], [0.2015, 0.2226, 0.2314, 0.3198, 0.0248]], [[0.2806, 0.262, 0.2447, 0.1946, 0.0181], [0.2706, 0.2582, 0.2496, 0.2041, 0.0175], [0.2745, 0.2531, 0.2439, 0.2107, 0.0177], [0.2757, 0.2457, 0.2466, 0.2142, 0.0178], [0.2745, 0.2501, 0.2453, 0.2124, 0.0177], [0.2316, 0.2434, 0.2495, 0.2589, 0.0167], [0.2335, 0.2258, 0.2305, 0.2915, 0.0188], [0.2823, 0.2443, 0.2348, 0.2203, 0.0182], [0.2812, 0.2351, 0.2376, 0.2278, 0.0182], [0.2689, 0.2324, 0.2271, 0.2542, 0.0174], [0.2552, 0.249, 0.2417, 0.2375, 0.0165], [0.2477, 0.2476, 0.2411, 0.2475, 0.0162], [0.2481, 0.2496, 0.2427, 0.2435, 0.0162], [0.2599, 0.2411, 0.24, 0.2422, 0.0168], [0.2377, 0.229, 0.2445, 0.2712, 0.0175], [0.2146, 0.2327, 0.2321, 0.3011, 0.0195], [0.2168, 0.2246, 0.2286, 0.3099, 0.02], [0.2045, 0.2225, 0.2445, 0.3086, 0.0199], [0.2047, 0.2084, 0.2328, 0.3326, 0.0215], [0.256, 0.248, 0.2419, 0.2376, 0.0165], [0.2516, 0.2411, 0.2378, 0.2531, 0.0164], [0.2373, 0.2393, 0.2368, 0.2692, 0.0174], [0.2433, 0.2369, 0.2277, 0.2744, 0.0177], [0.2438, 0.2248, 0.2277, 0.2852, 0.0184], [0.2369, 0.2287, 0.2324, 0.2836, 0.0183], [0.2288, 0.2338, 0.2283, 0.2903, 0.0188], [0.23, 0.2243, 0.2265, 0.2998, 0.0194], [0.2273, 0.2292, 0.2351, 0.2897, 0.0187], [0.2499, 0.24, 0.2399, 0.2538, 0.0164], [0.2322, 0.2379, 0.2438, 0.2687, 0.0174], [0.2262, 0.2403, 0.2328, 0.2824, 0.0183], [0.2117, 0.2231, 0.2358, 0.3095, 0.02], [0.1992, 0.2219, 0.2314, 0.3265, 0.0211]], [[0.2833, 0.2636, 0.2452, 0.192, 0.0158], [0.2725, 0.2598, 0.2506, 0.2019, 0.0152], [0.2766, 0.2544, 0.2446, 0.2089, 0.0155], [0.2779, 0.2464, 0.2475, 0.2126, 0.0155], [0.2767, 0.2511, 0.246, 0.2107, 0.0155], [0.231, 0.2442, 0.2507, 0.2596, 0.0145], [0.2333, 0.2253, 0.2304, 0.2945, 0.0165], [0.2855, 0.245, 0.2348, 0.2188, 0.016], [0.2843, 0.2354, 0.2378, 0.2266, 0.0159], [0.2711, 0.2324, 0.2268, 0.2546, 0.0152], [0.2562, 0.2503, 0.2425, 0.2367, 0.0143], [0.2482, 0.2488, 0.2419, 0.2471, 0.014], [0.2486, 0.251, 0.2435, 0.2429, 0.0141], [0.2614, 0.2418, 0.2406, 0.2416, 0.0146], [0.2377, 0.2291, 0.2457, 0.2724, 0.0152], [0.2134, 0.2328, 0.2323, 0.3044, 0.017], [0.2159, 0.2242, 0.2284, 0.3139, 0.0175], [0.2029, 0.222, 0.2452, 0.3124, 0.0175], [0.2034, 0.2071, 0.2327, 0.338, 0.0189], [0.2571, 0.249, 0.2426, 0.2369, 0.0144], [0.2525, 0.2418, 0.2383, 0.2532, 0.0142], [0.2376, 0.24, 0.2372, 0.2701, 0.0151], [0.2439, 0.2373, 0.2276, 0.2757, 0.0154], [0.2446, 0.2246, 0.2277, 0.287, 0.016], [0.2373, 0.2287, 0.2326, 0.2855, 0.016], [0.2288, 0.2342, 0.2283, 0.2924, 0.0163], [0.2302, 0.2242, 0.2263, 0.3025, 0.0169], [0.227, 0.2294, 0.2355, 0.2918, 0.0163], [0.2507, 0.2407, 0.2406, 0.2538, 0.0142], [0.232, 0.2384, 0.2448, 0.2697, 0.0151], [0.2255, 0.2408, 0.233, 0.2847, 0.0159], [0.2102, 0.2225, 0.2359, 0.3138, 0.0175], [0.1972, 0.2212, 0.2313, 0.3318, 0.0185]], [[0.2855, 0.2649, 0.2456, 0.1899, 0.0142], [0.274, 0.2609, 0.2513, 0.2001, 0.0136], [0.2782, 0.2553, 0.2452, 0.2074, 0.0138], [0.2796, 0.247, 0.2482, 0.2113, 0.0139], [0.2785, 0.2518, 0.2466, 0.2093, 0.0139], [0.2305, 0.2448, 0.2517, 0.2601, 0.0129], [0.2331, 0.2249, 0.2303, 0.297, 0.0148], [0.2881, 0.2454, 0.2347, 0.2174, 0.0143], [0.2868, 0.2355, 0.2379, 0.2255, 0.0143], [0.2728, 0.2324, 0.2264, 0.2548, 0.0136], [0.2569, 0.2514, 0.2431, 0.2358, 0.0128], [0.2486, 0.2498, 0.2425, 0.2466, 0.0125], [0.2489, 0.2521, 0.2442, 0.2422, 0.0126], [0.2626, 0.2423, 0.241, 0.241, 0.0131], [0.2375, 0.2291, 0.2466, 0.2732, 0.0136], [0.2124, 0.2329, 0.2325, 0.307, 0.0153], [0.2151, 0.2239, 0.2282, 0.317, 0.0158], [0.2016, 0.2216, 0.2458, 0.3153, 0.0157], [0.2022, 0.2061, 0.2325, 0.3422, 0.017], [0.258, 0.2498, 0.2431, 0.2362, 0.0128], [0.2532, 0.2423, 0.2387, 0.2531, 0.0127], [0.2379, 0.2405, 0.2375, 0.2707, 0.0135], [0.2443, 0.2377, 0.2276, 0.2766, 0.0138], [0.2452, 0.2245, 0.2277, 0.2883, 0.0143], [0.2376, 0.2287, 0.2327, 0.2868, 0.0143], [0.2288, 0.2345, 0.2283, 0.2938, 0.0146], [0.2303, 0.2241, 0.2261, 0.3044, 0.0151], [0.2266, 0.2295, 0.2359, 0.2933, 0.0146], [0.2514, 0.2413, 0.2411, 0.2536, 0.0126], [0.2318, 0.2388, 0.2455, 0.2704, 0.0135], [0.2248, 0.2412, 0.2332, 0.2866, 0.0143], [0.209, 0.222, 0.2359, 0.3173, 0.0158], [0.1956, 0.2206, 0.2311, 0.336, 0.0167]], [[0.2872, 0.2658, 0.2458, 0.1882, 0.013], [0.2751, 0.2619, 0.2519, 0.1986, 0.0125], [0.2794, 0.2561, 0.2456, 0.2062, 0.0127], [0.2809, 0.2475, 0.2487, 0.2102, 0.0127], [0.2798, 0.2524, 0.247, 0.2081, 0.0127], [0.23, 0.2453, 0.2524, 0.2605, 0.0118], [0.2329, 0.2245, 0.2302, 0.2989, 0.0136], [0.2902, 0.2457, 0.2346, 0.2163, 0.0132], [0.2889, 0.2356, 0.2379, 0.2245, 0.0131], [0.2742, 0.2323, 0.2261, 0.255, 0.0124], [0.2575, 0.2522, 0.2436, 0.2351, 0.0117], [0.2488, 0.2507, 0.243, 0.246, 0.0114], [0.2491, 0.253, 0.2448, 0.2416, 0.0115], [0.2635, 0.2428, 0.2414, 0.2404, 0.0119], [0.2373, 0.2292, 0.2474, 0.2737, 0.0124], [0.2115, 0.2329, 0.2326, 0.309, 0.014], [0.2145, 0.2236, 0.228, 0.3195, 0.0145], [0.2005, 0.2212, 0.2462, 0.3177, 0.0144], [0.2013, 0.2052, 0.2323, 0.3456, 0.0157], [0.2586, 0.2504, 0.2436, 0.2356, 0.0117], [0.2537, 0.2427, 0.2391, 0.2529, 0.0116], [0.2381, 0.2409, 0.2377, 0.271, 0.0123], [0.2447, 0.238, 0.2276, 0.2772, 0.0126], [0.2457, 0.2244, 0.2276, 0.2892, 0.0131], [0.2378, 0.2287, 0.2328, 0.2877, 0.013], [0.2287, 0.2347, 0.2283, 0.2949, 0.0134], [0.2303, 0.224, 0.2259, 0.3059, 0.0139], [0.2263, 0.2297, 0.2363, 0.2944, 0.0133], [0.2519, 0.2417, 0.2415, 0.2534, 0.0115], [0.2316, 0.2392, 0.2461, 0.2709, 0.0123], [0.2242, 0.2414, 0.2333, 0.288, 0.0131], [0.208, 0.2216, 0.2358, 0.3201, 0.0145], [0.1942, 0.2201, 0.231, 0.3393, 0.0154]], [[0.2885, 0.2666, 0.246, 0.1867, 0.0121], [0.276, 0.2626, 0.2524, 0.1974, 0.0116], [0.2803, 0.2567, 0.246, 0.2052, 0.0118], [0.2819, 0.2478, 0.2492, 0.2093, 0.0119], [0.2809, 0.2528, 0.2473, 0.2072, 0.0118], [0.2295, 0.2457, 0.2531, 0.2607, 0.011], [0.2326, 0.2242, 0.23, 0.3005, 0.0126], [0.292, 0.2459, 0.2345, 0.2153, 0.0123], [0.2906, 0.2356, 0.2378, 0.2237, 0.0122], [0.2753, 0.2322, 0.2259, 0.255, 0.0116], [0.2578, 0.253, 0.244, 0.2344, 0.0109], [0.2489, 0.2514, 0.2435, 0.2455, 0.0106], [0.2492, 0.2538, 0.2452, 0.241, 0.0107], [0.2643, 0.2431, 0.2417, 0.2398, 0.0111], [0.2371, 0.2292, 0.248, 0.274, 0.0115], [0.2107, 0.2329, 0.2326, 0.3107, 0.0131], [0.2139, 0.2233, 0.2278, 0.3214, 0.0135], [0.1996, 0.2208, 0.2465, 0.3195, 0.0134], [0.2005, 0.2044, 0.2321, 0.3482, 0.0147], [0.2591, 0.2509, 0.244, 0.2351, 0.0109], [0.2541, 0.243, 0.2394, 0.2528, 0.0107], [0.2383, 0.2412, 0.2379, 0.2712, 0.0114], [0.2449, 0.2382, 0.2276, 0.2776, 0.0117], [0.2461, 0.2243, 0.2276, 0.2898, 0.0122], [0.238, 0.2286, 0.2328, 0.2884, 0.0121], [0.2287, 0.2349, 0.2283, 0.2956, 0.0124], [0.2304, 0.224, 0.2258, 0.3069, 0.0129], [0.226, 0.2298, 0.2366, 0.2952, 0.0124], [0.2523, 0.2421, 0.2418, 0.2531, 0.0107], [0.2314, 0.2395, 0.2466, 0.2712, 0.0114], [0.2236, 0.2416, 0.2334, 0.2891, 0.0122], [0.2071, 0.2212, 0.2357, 0.3224, 0.0136], [0.1931, 0.2196, 0.2308, 0.342, 0.0144]], [[0.2896, 0.2672, 0.2461, 0.1856, 0.0115], [0.2767, 0.2632, 0.2527, 0.1964, 0.011], [0.281, 0.2571, 0.2463, 0.2044, 0.0111], [0.2826, 0.2481, 0.2495, 0.2086, 0.0112], [0.2817, 0.2532, 0.2476, 0.2064, 0.0112], [0.2291, 0.246, 0.2536, 0.2609, 0.0103], [0.2324, 0.2239, 0.2299, 0.3018, 0.012], [0.2934, 0.2461, 0.2343, 0.2145, 0.0116], [0.292, 0.2356, 0.2378, 0.223, 0.0116], [0.2762, 0.2322, 0.2256, 0.2551, 0.011], [0.2581, 0.2536, 0.2443, 0.2337, 0.0102], [0.249, 0.2521, 0.2439, 0.245, 0.01], [0.2493, 0.2545, 0.2456, 0.2405, 0.0101], [0.2649, 0.2434, 0.2419, 0.2393, 0.0105], [0.2369, 0.2293, 0.2486, 0.2743, 0.0109], [0.2101, 0.2329, 0.2327, 0.3119, 0.0124], [0.2135, 0.223, 0.2276, 0.323, 0.0128], [0.1989, 0.2206, 0.2468, 0.321, 0.0127], [0.1999, 0.2038, 0.232, 0.3504, 0.0139], [0.2595, 0.2513, 0.2443, 0.2346, 0.0103], [0.2544, 0.2433, 0.2396, 0.2526, 0.0101], [0.2385, 0.2415, 0.238, 0.2713, 0.0108], [0.2452, 0.2384, 0.2275, 0.2779, 0.011], [0.2465, 0.2242, 0.2276, 0.2903, 0.0115], [0.2382, 0.2286, 0.2329, 0.2888, 0.0115], [0.2287, 0.2351, 0.2283, 0.2962, 0.0117], [0.2305, 0.2239, 0.2257, 0.3077, 0.0122], [0.2258, 0.2299, 0.2368, 0.2958, 0.0117], [0.2526, 0.2424, 0.2421, 0.2529, 0.0101], [0.2312, 0.2397, 0.247, 0.2714, 0.0108], [0.2232, 0.2418, 0.2335, 0.2901, 0.0115], [0.2064, 0.2208, 0.2357, 0.3243, 0.0129], [0.1922, 0.2193, 0.2307, 0.3442, 0.0136]], [[0.2905, 0.2677, 0.2462, 0.1847, 0.011], [0.2773, 0.2637, 0.253, 0.1955, 0.0105], [0.2816, 0.2575, 0.2465, 0.2038, 0.0106], [0.2832, 0.2483, 0.2498, 0.208, 0.0107], [0.2823, 0.2534, 0.2478, 0.2058, 0.0107], [0.2287, 0.2463, 0.2541, 0.2611, 0.0099], [0.2322, 0.2236, 0.2299, 0.3028, 0.0114], [0.2947, 0.2461, 0.2342, 0.2139, 0.0111], [0.2932, 0.2356, 0.2377, 0.2224, 0.0111], [0.277, 0.2321, 0.2254, 0.2551, 0.0105], [0.2583, 0.2541, 0.2446, 0.2332, 0.0098], [0.2491, 0.2526, 0.2442, 0.2446, 0.0096], [0.2493, 0.2551, 0.246, 0.24, 0.0097], [0.2654, 0.2436, 0.2421, 0.2389, 0.01], [0.2367, 0.2293, 0.2491, 0.2745, 0.0104], [0.2096, 0.2329, 0.2327, 0.313, 0.0118], [0.2131, 0.2228, 0.2275, 0.3243, 0.0123], [0.1983, 0.2203, 0.247, 0.3222, 0.0122], [0.1994, 0.2033, 0.2318, 0.3522, 0.0133], [0.2598, 0.2516, 0.2445, 0.2343, 0.0098], [0.2546, 0.2435, 0.2399, 0.2524, 0.0096], [0.2386, 0.2417, 0.2381, 0.2714, 0.0103], [0.2453, 0.2385, 0.2275, 0.2781, 0.0105], [0.2468, 0.2241, 0.2275, 0.2906, 0.011], [0.2383, 0.2286, 0.2329, 0.2892, 0.0109], [0.2288, 0.2352, 0.2283, 0.2965, 0.0112], [0.2306, 0.2239, 0.2256, 0.3082, 0.0117], [0.2256, 0.2301, 0.237, 0.2962, 0.0112], [0.2529, 0.2426, 0.2423, 0.2526, 0.0096], [0.231, 0.2399, 0.2474, 0.2715, 0.0103], [0.2228, 0.2419, 0.2336, 0.2908, 0.011], [0.2057, 0.2206, 0.2356, 0.3258, 0.0123], [0.1914, 0.2189, 0.2306, 0.346, 0.0131]], [[0.2912, 0.268, 0.2462, 0.1839, 0.0106], [0.2777, 0.2641, 0.2532, 0.1949, 0.0101], [0.282, 0.2578, 0.2467, 0.2033, 0.0103], [0.2837, 0.2485, 0.2501, 0.2075, 0.0103], [0.2828, 0.2536, 0.2479, 0.2053, 0.0103], [0.2284, 0.2465, 0.2544, 0.2612, 0.0095], [0.2321, 0.2234, 0.2298, 0.3037, 0.0111], [0.2957, 0.2462, 0.234, 0.2133, 0.0108], [0.2942, 0.2356, 0.2376, 0.2219, 0.0107], [0.2776, 0.232, 0.2252, 0.2551, 0.0101], [0.2585, 0.2546, 0.2448, 0.2327, 0.0094], [0.2491, 0.2531, 0.2445, 0.2442, 0.0092], [0.2493, 0.2556, 0.2463, 0.2395, 0.0093], [0.2657, 0.2439, 0.2422, 0.2385, 0.0097], [0.2366, 0.2294, 0.2495, 0.2746, 0.01], [0.2091, 0.2329, 0.2328, 0.3138, 0.0114], [0.2128, 0.2226, 0.2273, 0.3254, 0.0118], [0.1978, 0.2201, 0.2472, 0.3231, 0.0118], [0.199, 0.2029, 0.2317, 0.3536, 0.0129], [0.26, 0.2519, 0.2447, 0.234, 0.0095], [0.2548, 0.2436, 0.24, 0.2523, 0.0093], [0.2387, 0.2418, 0.2382, 0.2714, 0.0099], [0.2455, 0.2387, 0.2275, 0.2782, 0.0101], [0.2471, 0.224, 0.2275, 0.2908, 0.0106], [0.2384, 0.2286, 0.233, 0.2894, 0.0105], [0.2288, 0.2353, 0.2283, 0.2968, 0.0108], [0.2307, 0.2239, 0.2255, 0.3086, 0.0112], [0.2254, 0.2302, 0.2372, 0.2964, 0.0108], [0.2531, 0.2428, 0.2425, 0.2524, 0.0092], [0.2309, 0.24, 0.2476, 0.2716, 0.0099], [0.2224, 0.2419, 0.2336, 0.2914, 0.0106], [0.2052, 0.2203, 0.2355, 0.327, 0.0119], [0.1908, 0.2186, 0.2305, 0.3474, 0.0126]], [[0.2918, 0.2683, 0.2462, 0.1833, 0.0103], [0.2781, 0.2644, 0.2534, 0.1943, 0.0098], [0.2823, 0.2581, 0.2469, 0.2029, 0.01], [0.284, 0.2486, 0.2503, 0.2071, 0.01], [0.2832, 0.2538, 0.248, 0.205, 0.01], [0.2281, 0.2467, 0.2547, 0.2613, 0.0092], [0.2319, 0.2232, 0.2297, 0.3044, 0.0107], [0.2965, 0.2462, 0.2339, 0.2129, 0.0105], [0.295, 0.2356, 0.2375, 0.2215, 0.0104], [0.2781, 0.2319, 0.225, 0.2551, 0.0098], [0.2586, 0.255, 0.2451, 0.2323, 0.0091], [0.2491, 0.2534, 0.2447, 0.2438, 0.009], [0.2493, 0.256, 0.2465, 0.2391, 0.009], [0.266, 0.244, 0.2423, 0.2382, 0.0094], [0.2364, 0.2294, 0.2499, 0.2746, 0.0097], [0.2087, 0.2328, 0.2328, 0.3145, 0.0111], [0.2126, 0.2225, 0.2272, 0.3262, 0.0115], [0.1974, 0.22, 0.2473, 0.3239, 0.0114], [0.1987, 0.2026, 0.2315, 0.3547, 0.0125], [0.2602, 0.2521, 0.2449, 0.2337, 0.0092], [0.2549, 0.2437, 0.2402, 0.2522, 0.009], [0.2388, 0.242, 0.2382, 0.2714, 0.0096], [0.2456, 0.2388, 0.2275, 0.2783, 0.0098], [0.2473, 0.224, 0.2275, 0.291, 0.0103], [0.2385, 0.2286, 0.233, 0.2896, 0.0102], [0.2288, 0.2354, 0.2283, 0.297, 0.0105], [0.2308, 0.2239, 0.2255, 0.3089, 0.0109], [0.2253, 0.2303, 0.2374, 0.2966, 0.0105], [0.2532, 0.243, 0.2426, 0.2522, 0.009], [0.2308, 0.2401, 0.2479, 0.2716, 0.0096], [0.2221, 0.242, 0.2337, 0.2919, 0.0103], [0.2048, 0.2201, 0.2354, 0.3281, 0.0116], [0.1903, 0.2184, 0.2304, 0.3486, 0.0123]], [[0.2923, 0.2686, 0.2463, 0.1828, 0.0101], [0.2784, 0.2646, 0.2535, 0.1939, 0.0096], [0.2825, 0.2583, 0.247, 0.2025, 0.0097], [0.2842, 0.2487, 0.2504, 0.2069, 0.0098], [0.2836, 0.2539, 0.2481, 0.2047, 0.0098], [0.2279, 0.2468, 0.255, 0.2613, 0.009], [0.2318, 0.223, 0.2296, 0.305, 0.0105], [0.2972, 0.2463, 0.2338, 0.2125, 0.0102], [0.2957, 0.2355, 0.2374, 0.2211, 0.0102], [0.2785, 0.2319, 0.2249, 0.2551, 0.0096], [0.2586, 0.2553, 0.2452, 0.2319, 0.0089], [0.2491, 0.2538, 0.2449, 0.2435, 0.0088], [0.2493, 0.2563, 0.2467, 0.2388, 0.0088], [0.2663, 0.2442, 0.2425, 0.2379, 0.0092], [0.2362, 0.2295, 0.2502, 0.2747, 0.0095], [0.2084, 0.2328, 0.2328, 0.3151, 0.0109], [0.2124, 0.2224, 0.2271, 0.3269, 0.0113], [0.1971, 0.2198, 0.2474, 0.3246, 0.0112], [0.1984, 0.2023, 0.2314, 0.3556, 0.0123], [0.2603, 0.2522, 0.245, 0.2335, 0.009], [0.255, 0.2438, 0.2403, 0.2521, 0.0088], [0.2389, 0.2421, 0.2383, 0.2714, 0.0093], [0.2457, 0.2388, 0.2275, 0.2784, 0.0096], [0.2475, 0.224, 0.2274, 0.2911, 0.01], [0.2386, 0.2286, 0.2331, 0.2897, 0.01], [0.2289, 0.2355, 0.2283, 0.2971, 0.0102], [0.2309, 0.2239, 0.2254, 0.3091, 0.0107], [0.2251, 0.2303, 0.2375, 0.2968, 0.0102], [0.2534, 0.2431, 0.2427, 0.2521, 0.0087], [0.2307, 0.2402, 0.2481, 0.2717, 0.0094], [0.2219, 0.242, 0.2337, 0.2923, 0.0101], [0.2045, 0.2199, 0.2354, 0.3289, 0.0113], [0.1898, 0.2182, 0.2303, 0.3496, 0.012]], [[0.2927, 0.2688, 0.2463, 0.1824, 0.0099], [0.2786, 0.2648, 0.2536, 0.1935, 0.0094], [0.2827, 0.2584, 0.2471, 0.2023, 0.0095], [0.2844, 0.2488, 0.2506, 0.2066, 0.0096], [0.2838, 0.254, 0.2482, 0.2044, 0.0096], [0.2277, 0.2469, 0.2552, 0.2614, 0.0088], [0.2317, 0.2229, 0.2296, 0.3055, 0.0103], [0.2978, 0.2463, 0.2337, 0.2122, 0.0101], [0.2963, 0.2355, 0.2373, 0.2208, 0.01], [0.2789, 0.2318, 0.2248, 0.2551, 0.0094], [0.2587, 0.2556, 0.2454, 0.2316, 0.0087], [0.2491, 0.2541, 0.2451, 0.2432, 0.0086], [0.2493, 0.2566, 0.2469, 0.2385, 0.0087], [0.2665, 0.2443, 0.2425, 0.2377, 0.009], [0.2361, 0.2295, 0.2504, 0.2747, 0.0093], [0.2082, 0.2328, 0.2328, 0.3155, 0.0107], [0.2122, 0.2223, 0.227, 0.3275, 0.0111], [0.1968, 0.2197, 0.2475, 0.3251, 0.011], [0.1982, 0.2021, 0.2313, 0.3564, 0.012], [0.2604, 0.2523, 0.2451, 0.2333, 0.0088], [0.2551, 0.2439, 0.2404, 0.252, 0.0086], [0.239, 0.2422, 0.2383, 0.2714, 0.0092], [0.2457, 0.2389, 0.2275, 0.2784, 0.0094], [0.2476, 0.2239, 0.2274, 0.2912, 0.0098], [0.2387, 0.2286, 0.2331, 0.2898, 0.0098], [0.2289, 0.2356, 0.2283, 0.2972, 0.01], [0.231, 0.2239, 0.2254, 0.3093, 0.0104], [0.225, 0.2304, 0.2376, 0.2969, 0.01], [0.2535, 0.2432, 0.2428, 0.2519, 0.0086], [0.2306, 0.2403, 0.2482, 0.2717, 0.0092], [0.2217, 0.242, 0.2337, 0.2927, 0.0099], [0.2042, 0.2198, 0.2353, 0.3296, 0.0111], [0.1895, 0.218, 0.2303, 0.3504, 0.0118]], [[0.293, 0.2689, 0.2463, 0.1821, 0.0097], [0.2788, 0.265, 0.2537, 0.1933, 0.0093], [0.2828, 0.2586, 0.2472, 0.2021, 0.0094], [0.2846, 0.2488, 0.2507, 0.2064, 0.0095], [0.284, 0.254, 0.2483, 0.2042, 0.0094], [0.2275, 0.247, 0.2553, 0.2614, 0.0087], [0.2316, 0.2228, 0.2295, 0.3059, 0.0102], [0.2983, 0.2463, 0.2336, 0.2119, 0.0099], [0.2968, 0.2355, 0.2373, 0.2206, 0.0099], [0.2791, 0.2318, 0.2247, 0.2551, 0.0093], [0.2587, 0.2558, 0.2455, 0.2313, 0.0086], [0.249, 0.2543, 0.2452, 0.243, 0.0085], [0.2492, 0.2569, 0.247, 0.2383, 0.0085], [0.2666, 0.2444, 0.2426, 0.2375, 0.0089], [0.236, 0.2295, 0.2506, 0.2747, 0.0091], [0.208, 0.2328, 0.2328, 0.3159, 0.0105], [0.212, 0.2222, 0.227, 0.3279, 0.0109], [0.1966, 0.2196, 0.2475, 0.3255, 0.0108], [0.198, 0.2019, 0.2313, 0.357, 0.0119], [0.2605, 0.2524, 0.2452, 0.2332, 0.0087], [0.2551, 0.244, 0.2405, 0.2519, 0.0085], [0.2391, 0.2422, 0.2383, 0.2714, 0.009], [0.2458, 0.239, 0.2275, 0.2784, 0.0093], [0.2478, 0.2239, 0.2274, 0.2912, 0.0097], [0.2388, 0.2286, 0.2331, 0.2899, 0.0096], [0.2289, 0.2357, 0.2283, 0.2972, 0.0099], [0.231, 0.2239, 0.2254, 0.3094, 0.0103], [0.225, 0.2305, 0.2377, 0.297, 0.0099], [0.2536, 0.2433, 0.2429, 0.2518, 0.0084], [0.2305, 0.2404, 0.2483, 0.2717, 0.009], [0.2215, 0.242, 0.2338, 0.293, 0.0097], [0.2039, 0.2197, 0.2352, 0.3302, 0.011], [0.1892, 0.2179, 0.2302, 0.351, 0.0117]], [[0.2932, 0.269, 0.2463, 0.1819, 0.0096], [0.2789, 0.2651, 0.2538, 0.193, 0.0092], [0.2829, 0.2587, 0.2473, 0.2019, 0.0093], [0.2847, 0.2489, 0.2508, 0.2063, 0.0094], [0.2841, 0.2541, 0.2483, 0.2041, 0.0093], [0.2274, 0.2471, 0.2555, 0.2615, 0.0086], [0.2315, 0.2227, 0.2295, 0.3062, 0.0101], [0.2987, 0.2462, 0.2335, 0.2117, 0.0098], [0.2972, 0.2355, 0.2372, 0.2204, 0.0098], [0.2794, 0.2317, 0.2246, 0.2551, 0.0092], [0.2587, 0.256, 0.2456, 0.2311, 0.0085], [0.249, 0.2545, 0.2453, 0.2427, 0.0084], [0.2492, 0.2571, 0.2472, 0.238, 0.0084], [0.2668, 0.2445, 0.2427, 0.2373, 0.0088], [0.2359, 0.2295, 0.2508, 0.2747, 0.009], [0.2078, 0.2327, 0.2328, 0.3162, 0.0104], [0.2119, 0.2221, 0.2269, 0.3283, 0.0108], [0.1964, 0.2195, 0.2476, 0.3259, 0.0107], [0.1979, 0.2017, 0.2312, 0.3575, 0.0117], [0.2605, 0.2525, 0.2453, 0.2331, 0.0086], [0.2552, 0.244, 0.2405, 0.2519, 0.0084], [0.2391, 0.2423, 0.2383, 0.2713, 0.0089], [0.2459, 0.239, 0.2275, 0.2784, 0.0091], [0.2479, 0.2239, 0.2274, 0.2912, 0.0096], [0.2388, 0.2286, 0.2331, 0.2899, 0.0095], [0.229, 0.2357, 0.2283, 0.2973, 0.0098], [0.2311, 0.2239, 0.2253, 0.3095, 0.0102], [0.2249, 0.2305, 0.2378, 0.297, 0.0098], [0.2536, 0.2434, 0.2429, 0.2517, 0.0083], [0.2304, 0.2405, 0.2485, 0.2717, 0.0089], [0.2213, 0.242, 0.2338, 0.2932, 0.0096], [0.2037, 0.2196, 0.2352, 0.3307, 0.0109], [0.189, 0.2178, 0.2302, 0.3516, 0.0115]], [[0.2934, 0.2691, 0.2462, 0.1817, 0.0095], [0.279, 0.2652, 0.2539, 0.1928, 0.0091], [0.2829, 0.2588, 0.2473, 0.2018, 0.0092], [0.2848, 0.2489, 0.2508, 0.2062, 0.0093], [0.2843, 0.2541, 0.2484, 0.204, 0.0092], [0.2272, 0.2472, 0.2556, 0.2615, 0.0085], [0.2315, 0.2226, 0.2295, 0.3065, 0.01], [0.2991, 0.2462, 0.2334, 0.2116, 0.0097], [0.2975, 0.2355, 0.2371, 0.2202, 0.0097], [0.2796, 0.2317, 0.2245, 0.2551, 0.0091], [0.2587, 0.2562, 0.2457, 0.2309, 0.0084], [0.249, 0.2547, 0.2455, 0.2426, 0.0083], [0.2492, 0.2573, 0.2473, 0.2379, 0.0084], [0.2669, 0.2445, 0.2427, 0.2372, 0.0087], [0.2358, 0.2296, 0.251, 0.2747, 0.0089], [0.2077, 0.2327, 0.2329, 0.3165, 0.0103], [0.2118, 0.222, 0.2268, 0.3286, 0.0107], [0.1962, 0.2194, 0.2476, 0.3261, 0.0106], [0.1977, 0.2016, 0.2311, 0.3579, 0.0116], [0.2606, 0.2526, 0.2453, 0.233, 0.0085], [0.2552, 0.244, 0.2406, 0.2518, 0.0083], [0.2392, 0.2423, 0.2383, 0.2713, 0.0088], [0.2459, 0.239, 0.2275, 0.2784, 0.0091], [0.248, 0.2239, 0.2274, 0.2913, 0.0095], [0.2389, 0.2286, 0.2331, 0.29, 0.0094], [0.229, 0.2358, 0.2283, 0.2973, 0.0097], [0.2312, 0.224, 0.2253, 0.3095, 0.0101], [0.2248, 0.2306, 0.2379, 0.297, 0.0097], [0.2537, 0.2435, 0.243, 0.2516, 0.0083], [0.2304, 0.2405, 0.2485, 0.2717, 0.0088], [0.2212, 0.242, 0.2338, 0.2934, 0.0095], [0.2035, 0.2195, 0.2351, 0.3311, 0.0108], [0.1888, 0.2177, 0.2301, 0.352, 0.0114]], [[0.2936, 0.2692, 0.2462, 0.1815, 0.0095], [0.2791, 0.2653, 0.2539, 0.1927, 0.009], [0.283, 0.2588, 0.2474, 0.2017, 0.0091], [0.2848, 0.249, 0.2509, 0.2061, 0.0092], [0.2844, 0.2542, 0.2484, 0.2039, 0.0092], [0.2271, 0.2472, 0.2557, 0.2616, 0.0084], [0.2314, 0.2225, 0.2294, 0.3067, 0.0099], [0.2994, 0.2462, 0.2333, 0.2114, 0.0097], [0.2978, 0.2354, 0.2371, 0.2201, 0.0096], [0.2797, 0.2317, 0.2244, 0.2551, 0.009], [0.2587, 0.2564, 0.2458, 0.2308, 0.0083], [0.249, 0.2549, 0.2456, 0.2424, 0.0082], [0.2491, 0.2575, 0.2474, 0.2377, 0.0083], [0.2669, 0.2446, 0.2428, 0.2371, 0.0086], [0.2357, 0.2296, 0.2511, 0.2747, 0.0089], [0.2075, 0.2327, 0.2329, 0.3167, 0.0102], [0.2118, 0.222, 0.2268, 0.3289, 0.0106], [0.1961, 0.2193, 0.2476, 0.3264, 0.0105], [0.1976, 0.2015, 0.2311, 0.3583, 0.0116], [0.2606, 0.2526, 0.2454, 0.233, 0.0084], [0.2552, 0.2441, 0.2406, 0.2518, 0.0082], [0.2392, 0.2424, 0.2383, 0.2713, 0.0088], [0.2459, 0.2391, 0.2276, 0.2784, 0.009], [0.2481, 0.2239, 0.2274, 0.2913, 0.0094], [0.2389, 0.2286, 0.2331, 0.29, 0.0094], [0.229, 0.2358, 0.2283, 0.2973, 0.0096], [0.2312, 0.224, 0.2253, 0.3095, 0.01], [0.2248, 0.2306, 0.2379, 0.297, 0.0096], [0.2537, 0.2435, 0.243, 0.2515, 0.0082], [0.2303, 0.2405, 0.2486, 0.2717, 0.0088], [0.2211, 0.242, 0.2338, 0.2936, 0.0095], [0.2034, 0.2194, 0.2351, 0.3314, 0.0107], [0.1886, 0.2176, 0.2301, 0.3524, 0.0114]], [[0.2938, 0.2692, 0.2462, 0.1814, 0.0094], [0.2792, 0.2654, 0.2539, 0.1926, 0.009], [0.283, 0.2589, 0.2474, 0.2016, 0.0091], [0.2849, 0.249, 0.251, 0.206, 0.0091], [0.2844, 0.2542, 0.2484, 0.2039, 0.0091], [0.227, 0.2472, 0.2558, 0.2616, 0.0084], [0.2314, 0.2225, 0.2294, 0.3069, 0.0098], [0.2996, 0.2462, 0.2332, 0.2113, 0.0096], [0.298, 0.2354, 0.237, 0.22, 0.0096], [0.2799, 0.2316, 0.2244, 0.2551, 0.009], [0.2587, 0.2565, 0.2459, 0.2306, 0.0083], [0.2489, 0.255, 0.2456, 0.2423, 0.0082], [0.2491, 0.2576, 0.2474, 0.2376, 0.0083], [0.267, 0.2446, 0.2428, 0.237, 0.0086], [0.2357, 0.2296, 0.2512, 0.2747, 0.0088], [0.2074, 0.2327, 0.2329, 0.3169, 0.0102], [0.2117, 0.2219, 0.2267, 0.3291, 0.0106], [0.196, 0.2193, 0.2476, 0.3266, 0.0105], [0.1976, 0.2014, 0.231, 0.3586, 0.0115], [0.2606, 0.2527, 0.2454, 0.2329, 0.0084], [0.2552, 0.2441, 0.2407, 0.2518, 0.0082], [0.2393, 0.2424, 0.2383, 0.2713, 0.0087], [0.246, 0.2391, 0.2276, 0.2784, 0.0089], [0.2482, 0.2239, 0.2273, 0.2913, 0.0093], [0.239, 0.2286, 0.2332, 0.29, 0.0093], [0.2291, 0.2358, 0.2283, 0.2973, 0.0095], [0.2313, 0.224, 0.2253, 0.3095, 0.0099], [0.2247, 0.2307, 0.238, 0.2971, 0.0095], [0.2538, 0.2436, 0.2431, 0.2515, 0.0081], [0.2303, 0.2406, 0.2487, 0.2717, 0.0087], [0.221, 0.242, 0.2338, 0.2937, 0.0094], [0.2033, 0.2193, 0.2351, 0.3317, 0.0106], [0.1885, 0.2175, 0.23, 0.3527, 0.0113]], [[0.2939, 0.2693, 0.2462, 0.1813, 0.0094], [0.2792, 0.2654, 0.254, 0.1925, 0.0089], [0.2831, 0.2589, 0.2475, 0.2015, 0.009], [0.2849, 0.249, 0.251, 0.206, 0.0091], [0.2845, 0.2542, 0.2484, 0.2038, 0.0091], [0.2269, 0.2473, 0.2558, 0.2616, 0.0083], [0.2313, 0.2224, 0.2294, 0.3071, 0.0098], [0.2999, 0.2462, 0.2332, 0.2112, 0.0096], [0.2983, 0.2354, 0.237, 0.2199, 0.0095], [0.28, 0.2316, 0.2243, 0.2551, 0.0089], [0.2587, 0.2566, 0.2459, 0.2305, 0.0083], [0.2489, 0.2551, 0.2457, 0.2421, 0.0081], [0.2491, 0.2577, 0.2475, 0.2374, 0.0082], [0.2671, 0.2447, 0.2428, 0.2369, 0.0085], [0.2356, 0.2296, 0.2513, 0.2747, 0.0088], [0.2073, 0.2327, 0.2329, 0.317, 0.0101], [0.2116, 0.2219, 0.2267, 0.3293, 0.0105], [0.1959, 0.2192, 0.2477, 0.3267, 0.0104], [0.1975, 0.2013, 0.231, 0.3588, 0.0114], [0.2607, 0.2527, 0.2455, 0.2329, 0.0083], [0.2553, 0.2441, 0.2407, 0.2518, 0.0081], [0.2393, 0.2424, 0.2383, 0.2713, 0.0087], [0.246, 0.2391, 0.2276, 0.2784, 0.0089], [0.2482, 0.2239, 0.2273, 0.2913, 0.0093], [0.239, 0.2286, 0.2332, 0.29, 0.0092], [0.2291, 0.2359, 0.2283, 0.2973, 0.0095], [0.2313, 0.224, 0.2253, 0.3096, 0.0099], [0.2247, 0.2307, 0.238, 0.2971, 0.0095], [0.2538, 0.2436, 0.2431, 0.2514, 0.0081], [0.2303, 0.2406, 0.2487, 0.2717, 0.0087], [0.2209, 0.242, 0.2338, 0.2939, 0.0094], [0.2032, 0.2193, 0.235, 0.3319, 0.0106], [0.1884, 0.2175, 0.23, 0.3529, 0.0113]], [[0.294, 0.2693, 0.2462, 0.1812, 0.0093], [0.2793, 0.2655, 0.254, 0.1924, 0.0089], [0.2831, 0.259, 0.2475, 0.2015, 0.009], [0.2849, 0.249, 0.251, 0.2059, 0.0091], [0.2845, 0.2542, 0.2485, 0.2038, 0.009], [0.2269, 0.2473, 0.2559, 0.2616, 0.0083], [0.2313, 0.2224, 0.2294, 0.3072, 0.0098], [0.3, 0.2462, 0.2331, 0.2112, 0.0095], [0.2984, 0.2354, 0.2369, 0.2198, 0.0095], [0.2801, 0.2316, 0.2243, 0.2551, 0.0089], [0.2587, 0.2567, 0.246, 0.2304, 0.0082], [0.2489, 0.2552, 0.2458, 0.242, 0.0081], [0.2491, 0.2578, 0.2476, 0.2373, 0.0082], [0.2671, 0.2447, 0.2429, 0.2368, 0.0085], [0.2355, 0.2296, 0.2514, 0.2747, 0.0087], [0.2073, 0.2326, 0.2329, 0.3171, 0.0101], [0.2116, 0.2218, 0.2267, 0.3294, 0.0105], [0.1959, 0.2192, 0.2477, 0.3269, 0.0104], [0.1975, 0.2012, 0.2309, 0.359, 0.0114], [0.2607, 0.2527, 0.2455, 0.2328, 0.0083], [0.2553, 0.2441, 0.2407, 0.2518, 0.0081], [0.2394, 0.2424, 0.2383, 0.2713, 0.0086], [0.246, 0.2391, 0.2276, 0.2784, 0.0088], [0.2483, 0.2239, 0.2273, 0.2913, 0.0093], [0.239, 0.2286, 0.2332, 0.29, 0.0092], [0.2291, 0.2359, 0.2283, 0.2973, 0.0094], [0.2313, 0.224, 0.2253, 0.3096, 0.0098], [0.2247, 0.2308, 0.2381, 0.2971, 0.0094], [0.2538, 0.2436, 0.2431, 0.2514, 0.0081], [0.2303, 0.2406, 0.2488, 0.2717, 0.0086], [0.2208, 0.242, 0.2338, 0.294, 0.0093], [0.2031, 0.2192, 0.235, 0.3321, 0.0105], [0.1883, 0.2174, 0.23, 0.3531, 0.0112]], [[0.294, 0.2694, 0.2462, 0.1811, 0.0093], [0.2793, 0.2655, 0.254, 0.1923, 0.0088], [0.2831, 0.259, 0.2475, 0.2014, 0.009], [0.2849, 0.249, 0.2511, 0.2059, 0.009], [0.2846, 0.2542, 0.2485, 0.2037, 0.009], [0.2268, 0.2473, 0.2559, 0.2616, 0.0083], [0.2313, 0.2223, 0.2293, 0.3073, 0.0097], [0.3002, 0.2461, 0.2331, 0.2111, 0.0095], [0.2986, 0.2354, 0.2369, 0.2197, 0.0095], [0.2802, 0.2316, 0.2242, 0.2551, 0.0089], [0.2587, 0.2568, 0.246, 0.2303, 0.0082], [0.2489, 0.2553, 0.2458, 0.242, 0.0081], [0.2491, 0.2579, 0.2476, 0.2372, 0.0082], [0.2671, 0.2447, 0.2429, 0.2368, 0.0085], [0.2355, 0.2296, 0.2515, 0.2747, 0.0087], [0.2072, 0.2326, 0.2329, 0.3172, 0.01], [0.2116, 0.2218, 0.2266, 0.3296, 0.0104], [0.1958, 0.2192, 0.2477, 0.327, 0.0104], [0.1974, 0.2012, 0.2309, 0.3592, 0.0114], [0.2607, 0.2527, 0.2455, 0.2328, 0.0083], [0.2553, 0.2441, 0.2408, 0.2518, 0.0081], [0.2394, 0.2424, 0.2383, 0.2713, 0.0086], [0.246, 0.2392, 0.2276, 0.2784, 0.0088], [0.2484, 0.2239, 0.2273, 0.2913, 0.0092], [0.239, 0.2286, 0.2332, 0.29, 0.0092], [0.2292, 0.2359, 0.2283, 0.2973, 0.0094], [0.2314, 0.224, 0.2253, 0.3095, 0.0098], [0.2247, 0.2308, 0.2381, 0.2971, 0.0094], [0.2539, 0.2436, 0.2431, 0.2513, 0.008], [0.2302, 0.2406, 0.2488, 0.2717, 0.0086], [0.2208, 0.242, 0.2338, 0.2941, 0.0093], [0.203, 0.2192, 0.235, 0.3323, 0.0105], [0.1882, 0.2174, 0.23, 0.3533, 0.0112]], [[0.2941, 0.2694, 0.2462, 0.181, 0.0093], [0.2793, 0.2655, 0.254, 0.1923, 0.0088], [0.2831, 0.259, 0.2475, 0.2014, 0.0089], [0.285, 0.2491, 0.2511, 0.2059, 0.009], [0.2846, 0.2542, 0.2485, 0.2037, 0.009], [0.2268, 0.2474, 0.256, 0.2616, 0.0083], [0.2312, 0.2223, 0.2293, 0.3074, 0.0097], [0.3003, 0.2461, 0.2331, 0.211, 0.0095], [0.2987, 0.2353, 0.2368, 0.2197, 0.0094], [0.2802, 0.2316, 0.2242, 0.2551, 0.0088], [0.2587, 0.2568, 0.2461, 0.2302, 0.0082], [0.2489, 0.2554, 0.2459, 0.2419, 0.0081], [0.249, 0.258, 0.2477, 0.2372, 0.0081], [0.2672, 0.2448, 0.2429, 0.2367, 0.0084], [0.2355, 0.2296, 0.2516, 0.2747, 0.0087], [0.2072, 0.2326, 0.2329, 0.3173, 0.01], [0.2115, 0.2218, 0.2266, 0.3297, 0.0104], [0.1958, 0.2191, 0.2477, 0.3271, 0.0103], [0.1974, 0.2011, 0.2309, 0.3593, 0.0113], [0.2607, 0.2527, 0.2455, 0.2328, 0.0082], [0.2553, 0.2441, 0.2408, 0.2518, 0.0081], [0.2394, 0.2424, 0.2383, 0.2712, 0.0086], [0.2461, 0.2392, 0.2276, 0.2784, 0.0088], [0.2484, 0.2238, 0.2273, 0.2913, 0.0092], [0.2391, 0.2286, 0.2332, 0.29, 0.0092], [0.2292, 0.2359, 0.2283, 0.2972, 0.0094], [0.2314, 0.224, 0.2253, 0.3095, 0.0098], [0.2246, 0.2308, 0.2381, 0.297, 0.0094], [0.2539, 0.2437, 0.2431, 0.2513, 0.008], [0.2302, 0.2407, 0.2488, 0.2717, 0